            Name        HD     Aln_len    cDNA_len     Similarity        Avg_cov               Missing_exons (ID, len); mismatches [ID, pos]

  A*12:11:01:02L         0        1093        1098              1        208.485			(8, 5)	
   A*12:11:01:03         0        1093        1098              1        208.485			(8, 5)	
   A*12:11:01:01         0        1093        1098              1        208.485			(8, 5)	
         A*12:21         0         823        1098              1        150.524			(2, 270)	(8, 5)	
         A*12:48         0         823        1098              1        150.524			(2, 270)	(8, 5)	
       A*12:250N         0         823        1096              1        150.524			(2, 268)	(8, 5)	
         A*12:81         0         823        1098              1        150.524			(2, 270)	(8, 5)	
      A*12:03:03         0         817        1098              1        217.013			(3, 276)	(8, 5)	
      A*12:03:01         0         817        1098              1        217.013			(3, 276)	(8, 5)	
         A*12:13         0         817        1098              1        217.013			(3, 276)	(8, 5)	
        A*12:43N         0         817        1099              1         234.87			(4, 277)	(8, 5)	
        A*12:230         0         817        1098              1        217.013			(3, 276)	(8, 5)	
        A*12:279         0         817        1098              1        217.013			(3, 276)	(8, 5)	
         A*12:68         1        1093        1098       0.999085        208.485			(8, 5)				[3, 199]	
         A*12:89         1        1093        1098       0.999085        208.485			(8, 5)				[4, 29]	
      A*12:07:01         1        1093        1098       0.999085        208.485			(8, 5)				[3, 25]	
         A*12:09         1        1093        1098       0.999085        208.485			(8, 5)				[4, 160]	
        A*12:269         1        1093        1098       0.999085        208.485			(8, 5)				[2, 253]	
        A*12:266         1        1093        1098       0.999085        208.485			(8, 5)				[4, 24]	
      A*12:22:01         1        1093        1098       0.999085        208.485			(8, 5)				[3, 196]	
      A*12:24:01         1        1093        1098       0.999085        208.485			(8, 5)				[3, 110]	
         A*12:30         1        1093        1098       0.999085        208.485			(8, 5)				[2, 8]	
        A*12:32N         1        1093        1098       0.999085        208.485			(8, 5)				[3, 150]	
         A*12:33         1        1093        1098       0.999085        208.485			(8, 5)				[3, 25]	
        A*12:252         1        1093        1098       0.999085        208.485			(8, 5)				[4, 90]	
        A*12:251         1        1093        1098       0.999085        208.485			(8, 5)				[3, 113]	
        A*12:53N         1        1093        1098       0.999085        208.485			(8, 5)				[2, 251]	
      A*12:60:01         1        1093        1098       0.999085        208.485			(8, 5)				[3, 76]	
         A*12:64         1        1093        1098       0.999085        208.485			(8, 5)				[3, 76]	
        A*12:249         1        1093        1098       0.999085        208.485			(8, 5)				[2, 184]	
         A*12:77         1        1093        1098       0.999085        208.485			(8, 5)				[3, 226]	
         A*12:04         1        1093        1098       0.999085        208.485			(8, 5)				[3, 19]	
      A*12:11:48         1        1093        1098       0.999085        208.485			(8, 5)				[4, 227]	
      A*12:11:47         1        1093        1098       0.999085        208.485			(8, 5)				[3, 257]	
      A*12:11:15         1        1093        1098       0.999085        208.485			(8, 5)				[4, 188]	
         A*12:26         1        1087        1092        0.99908        209.292			(8, 5)				[3, 184]	
        A*12:374         1        1069        1074       0.999065        211.712			(8, 5)				[3, 64]	
        A*12:134         1        1012        1012       0.999012        223.366			(6, 0)	(7, 0)	(8, 0)				[4, 265]	
      A*12:11:19         1        1012        1012       0.999012        223.366			(6, 0)	(7, 0)	(8, 0)				[2, 74]	
       A*12:321N         1         895         895       0.998883        218.486			(5, 0)	(6, 0)	(7, 0)	(8, 0)				[2, 171]	
        A*12:256         1         895         895       0.998883        218.486			(5, 0)	(6, 0)	(7, 0)	(8, 0)				[4, 109]	
        A*12:372         1         895         895       0.998883        218.486			(5, 0)	(6, 0)	(7, 0)	(8, 0)				[2, 172]	
      A*12:11:59         1         895         895       0.998883        218.486			(5, 0)	(6, 0)	(7, 0)	(8, 0)				[3, 158]	
      A*12:11:49         1         895         895       0.998883        218.486			(5, 0)	(6, 0)	(7, 0)	(8, 0)				[2, 230]	
      A*12:11:03         1         875         875       0.998857        222.019			(5, 0)	(6, 0)	(7, 0)	(8, 0)				[2, 221]	
         A*12:66         1         870         870       0.998851        222.899			(5, 0)	(6, 0)	(7, 0)	(8, 0)				[4, 127]	
        A*12:132         1         848         868       0.998821        226.892			(5, 20)	(6, 0)	(7, 0)	(8, 0)				[4, 189]	
        A*12:124         1         823        1098       0.998785        150.524			(2, 270)	(8, 5)				[4, 247]	
         A*69:01         1         823        1098       0.998785        150.524			(2, 270)	(8, 5)				[1, 48]	
        A*12:221         1         822         822       0.998783        231.815			(1, 0)	(5, 0)	(6, 0)	(7, 0)	(8, 0)				[3, 141]	
      A*12:97:02         1         822         822       0.998783        231.815			(1, 0)	(5, 0)	(6, 0)	(7, 0)	(8, 0)				[4, 149]	
       A*12:113N         1         822         822       0.998783        231.815			(1, 0)	(5, 0)	(6, 0)	(7, 0)	(8, 0)				[2, 178]	
        A*12:121         1         822         822       0.998783        231.815			(1, 0)	(5, 0)	(6, 0)	(7, 0)	(8, 0)				[3, 273]	
        A*12:123         1         822         822       0.998783        231.815			(1, 0)	(5, 0)	(6, 0)	(7, 0)	(8, 0)				[2, 48]	
        A*12:357         1         822         822       0.998783        231.815			(1, 0)	(5, 0)	(6, 0)	(7, 0)	(8, 0)				[4, 221]	
       A*12:356N         1         822         822       0.998783        231.815			(1, 0)	(5, 0)	(6, 0)	(7, 0)	(8, 0)				[4, 224]	
        A*12:336         1         822         822       0.998783        231.815			(1, 0)	(5, 0)	(6, 0)	(7, 0)	(8, 0)				[3, 225]	
        A*12:133         1         822         822       0.998783        231.815			(1, 0)	(5, 0)	(6, 0)	(7, 0)	(8, 0)				[2, 148]	
        A*12:329         1         822         822       0.998783        231.815			(1, 0)	(5, 0)	(6, 0)	(7, 0)	(8, 0)				[4, 243]	
        A*12:140         1         822         822       0.998783        231.815			(1, 0)	(5, 0)	(6, 0)	(7, 0)	(8, 0)				[4, 108]	
        A*12:145         1         822         822       0.998783        231.815			(1, 0)	(5, 0)	(6, 0)	(7, 0)	(8, 0)				[3, 187]	
        A*12:150         1         822         822       0.998783        231.815			(1, 0)	(5, 0)	(6, 0)	(7, 0)	(8, 0)				[2, 51]	
        A*12:157         1         822         822       0.998783        231.815			(1, 0)	(5, 0)	(6, 0)	(7, 0)	(8, 0)				[3, 21]	
        A*12:207         1         822         822       0.998783        231.815			(1, 0)	(5, 0)	(6, 0)	(7, 0)	(8, 0)				[2, 267]	
     A*12:217:02         1         822         822       0.998783        231.815			(1, 0)	(5, 0)	(6, 0)	(7, 0)	(8, 0)				[2, 183]	
      A*12:11:06         1         822         822       0.998783        231.815			(1, 0)	(5, 0)	(6, 0)	(7, 0)	(8, 0)				[3, 53]	
        A*12:327         1         822         822       0.998783        231.815			(1, 0)	(5, 0)	(6, 0)	(7, 0)	(8, 0)				[4, 72]	
        A*12:322         1         822         822       0.998783        231.815			(1, 0)	(5, 0)	(6, 0)	(7, 0)	(8, 0)				[3, 102]	
       A*12:227N         1         822         822       0.998783        231.815			(1, 0)	(5, 0)	(6, 0)	(7, 0)	(8, 0)				[3, 267]	
      A*12:11:11         1         822         822       0.998783        231.815			(1, 0)	(5, 0)	(6, 0)	(7, 0)	(8, 0)				[4, 2]	
        A*12:241         1         822         822       0.998783        231.815			(1, 0)	(5, 0)	(6, 0)	(7, 0)	(8, 0)				[4, 109]	
      A*12:11:10         1         822         822       0.998783        231.815			(1, 0)	(5, 0)	(6, 0)	(7, 0)	(8, 0)				[3, 2]	
      A*12:11:09         1         822         822       0.998783        231.815			(1, 0)	(5, 0)	(6, 0)	(7, 0)	(8, 0)				[2, 71]	
      A*12:11:08         1         822         822       0.998783        231.815			(1, 0)	(5, 0)	(6, 0)	(7, 0)	(8, 0)				[4, 137]	
      A*12:11:07         1         822         822       0.998783        231.815			(1, 0)	(5, 0)	(6, 0)	(7, 0)	(8, 0)				[2, 50]	
        A*12:294         1         822         822       0.998783        231.815			(1, 0)	(5, 0)	(6, 0)	(7, 0)	(8, 0)				[4, 210]	
        A*12:260         1         822         822       0.998783        231.815			(1, 0)	(5, 0)	(6, 0)	(7, 0)	(8, 0)				[2, 190]	
        A*12:292         1         822         822       0.998783        231.815			(1, 0)	(5, 0)	(6, 0)	(7, 0)	(8, 0)				[2, 204]	
        A*12:291         1         822         822       0.998783        231.815			(1, 0)	(5, 0)	(6, 0)	(7, 0)	(8, 0)				[4, 261]	
      A*12:11:05         1         822         822       0.998783        231.815			(1, 0)	(5, 0)	(6, 0)	(7, 0)	(8, 0)				[3, 113]	
        A*12:262         1         822         822       0.998783        231.815			(1, 0)	(5, 0)	(6, 0)	(7, 0)	(8, 0)				[3, 202]	
         A*12:96         1         822         822       0.998783        231.815			(1, 0)	(5, 0)	(6, 0)	(7, 0)	(8, 0)				[2, 270]	
      A*12:11:80         1         822         822       0.998783        231.815			(1, 0)	(5, 0)	(6, 0)	(7, 0)	(8, 0)				[4, 29]	
      A*12:11:79         1         822         822       0.998783        231.815			(1, 0)	(5, 0)	(6, 0)	(7, 0)	(8, 0)				[4, 143]	
      A*12:20:01         1         822         822       0.998783        231.815			(1, 0)	(5, 0)	(6, 0)	(7, 0)	(8, 0)				[2, 197]	
      A*12:11:72         1         822         822       0.998783        231.815			(1, 0)	(5, 0)	(6, 0)	(7, 0)	(8, 0)				[3, 248]	
      A*12:11:50         1         822         822       0.998783        231.815			(1, 0)	(5, 0)	(6, 0)	(7, 0)	(8, 0)				[4, 80]	
         A*12:29         1         822         822       0.998783        231.815			(1, 0)	(5, 0)	(6, 0)	(7, 0)	(8, 0)				[2, 195]	
         A*12:34         1         822         822       0.998783        231.815			(1, 0)	(5, 0)	(6, 0)	(7, 0)	(8, 0)				[2, 209]	
         A*12:42         1         822         822       0.998783        231.815			(1, 0)	(5, 0)	(6, 0)	(7, 0)	(8, 0)				[2, 69]	
      A*12:11:46         1         822         822       0.998783        231.815			(1, 0)	(5, 0)	(6, 0)	(7, 0)	(8, 0)				[3, 224]	
      A*12:11:43         1         822         822       0.998783        231.815			(1, 0)	(5, 0)	(6, 0)	(7, 0)	(8, 0)				[2, 32]	
      A*12:11:22         1         822         822       0.998783        231.815			(1, 0)	(5, 0)	(6, 0)	(7, 0)	(8, 0)				[3, 195]	
         A*12:59         1         822         822       0.998783        231.815			(1, 0)	(5, 0)	(6, 0)	(7, 0)	(8, 0)				[2, 52]	
      A*12:11:21         1         822         822       0.998783        231.815			(1, 0)	(5, 0)	(6, 0)	(7, 0)	(8, 0)				[4, 53]	
      A*12:11:18         1         822         822       0.998783        231.815			(1, 0)	(5, 0)	(6, 0)	(7, 0)	(8, 0)				[3, 275]	
         A*12:90         1         822         822       0.998783        231.815			(1, 0)	(5, 0)	(6, 0)	(7, 0)	(8, 0)				[2, 219]	
         A*12:85         1         822         822       0.998783        231.815			(1, 0)	(5, 0)	(6, 0)	(7, 0)	(8, 0)				[3, 175]	
        A*12:83N         1         822         822       0.998783        231.815			(1, 0)	(5, 0)	(6, 0)	(7, 0)	(8, 0)				[4, 210]	
         A*12:70         1         822         822       0.998783        231.815			(1, 0)	(5, 0)	(6, 0)	(7, 0)	(8, 0)				[2, 192]	
        A*12:88N         1         822         822       0.998783        231.815			(1, 0)	(5, 0)	(6, 0)	(7, 0)	(8, 0)				[3, 77]	
     A*12:11:14Q         1         822         822       0.998783        231.815			(1, 0)	(5, 0)	(6, 0)	(7, 0)	(8, 0)				[4, 86]	
      A*12:76:01         1         822         822       0.998783        231.815			(1, 0)	(5, 0)	(6, 0)	(7, 0)	(8, 0)				[2, 25]	
      A*12:97:01         1         822         822       0.998783        231.815			(1, 0)	(5, 0)	(6, 0)	(7, 0)	(8, 0)				[4, 149]	
         A*12:75         1         822         822       0.998783        231.815			(1, 0)	(5, 0)	(6, 0)	(7, 0)	(8, 0)				[4, 73]	
      A*12:74:01         1         822         822       0.998783        231.815			(1, 0)	(5, 0)	(6, 0)	(7, 0)	(8, 0)				[3, 252]	
         A*12:71         1         822         822       0.998783        231.815			(1, 0)	(5, 0)	(6, 0)	(7, 0)	(8, 0)				[3, 151]	
         A*12:02         1         817        1098       0.998776        217.013			(3, 276)	(8, 5)				[2, 127]	
        A*12:253         1         817        1098       0.998776        217.013			(3, 276)	(8, 5)				[4, 221]	
      A*12:17:01         1         817        1098       0.998776        217.013			(3, 276)	(8, 5)				[1, 15]	
        A*12:264         1         817        1098       0.998776        217.013			(3, 276)	(8, 5)				[4, 36]	
         A*12:67         1         812         812       0.998768        232.461			(1, 0)	(5, 0)	(6, 0)	(7, 0)	(8, 0)				[3, 60]	
         A*12:18         2        1093        1098        0.99817        208.485			(8, 5)				[3, 25]	[3, 142]	
        A*12:15N         2        1093        1098        0.99817        208.485			(8, 5)				[3, 25]	[4, 224]	
         A*12:16         2        1093        1098        0.99817        208.485			(8, 5)				[3, 216]	[3, 217]	
        A*12:265         2        1093        1098        0.99817        208.485			(8, 5)				[3, 25]	[4, 97]	
         A*12:12         2        1093        1098        0.99817        208.485			(8, 5)				[3, 195]	[3, 196]	
      A*12:11:01         2        1093        1098        0.99817        208.485			(8, 5)				[2, 217]	[2, 219]	
      A*12:06:01         2        1093        1098        0.99817        208.485			(8, 5)				[2, 25]	[2, 29]	
      A*12:07:02         2        1012        1012       0.998024        223.366			(6, 0)	(7, 0)	(8, 0)				[3, 25]	[4, 152]	
      A*12:11:17         2         965         965       0.997927         230.99			(6, 0)	(7, 0)	(8, 0)				[2, 167]	[3, 134]	
        A*12:104         2         848         848       0.997642        233.775			(1, 0)	(6, 0)	(7, 0)	(8, 0)				[3, 196]	[4, 172]	
      A*12:22:02         2         822         822       0.997567        231.815			(1, 0)	(5, 0)	(6, 0)	(7, 0)	(8, 0)				[2, 173]	[3, 196]	
        A*12:261         2         822         822       0.997567        231.815			(1, 0)	(5, 0)	(6, 0)	(7, 0)	(8, 0)				[2, 225]	[3, 25]	
      A*12:40:02         2         822         822       0.997567        231.815			(1, 0)	(5, 0)	(6, 0)	(7, 0)	(8, 0)				[3, 181]	[3, 195]	
         A*12:80         2         822         822       0.997567        231.815			(1, 0)	(5, 0)	(6, 0)	(7, 0)	(8, 0)				[3, 71]	[3, 75]	
        A*12:335         2         822         822       0.997567        231.815			(1, 0)	(5, 0)	(6, 0)	(7, 0)	(8, 0)				[2, 100]	[3, 25]	
        A*12:243         2         822         822       0.997567        231.815			(1, 0)	(5, 0)	(6, 0)	(7, 0)	(8, 0)				[2, 24]	[2, 25]	
        A*12:369         2         822         822       0.997567        231.815			(1, 0)	(5, 0)	(6, 0)	(7, 0)	(8, 0)				[2, 184]	[3, 25]	
        A*12:242         2         822         822       0.997567        231.815			(1, 0)	(5, 0)	(6, 0)	(7, 0)	(8, 0)				[3, 25]	[3, 48]	
        A*12:191         2         822         822       0.997567        231.815			(1, 0)	(5, 0)	(6, 0)	(7, 0)	(8, 0)				[3, 25]	[3, 196]	
         A*12:14         2         812        1082       0.997537        151.931			(2, 270)	(8, 0)				[3, 12]	[3, 59]	
         A*12:46         2         619         619       0.996769        257.771			(4, 0)	(5, 0)	(6, 0)	(7, 0)	(8, 0)				[2, 184]	[2, 192]	


 ------------ Candidate Allelic Pairs -------------

            Name        HD     Aln_len    cDNA_len     Similarity        Avg_cov               Missing_exons (ID, len); mismatches [ID, pos]

  A*12:11:01:02L         0        1093        1098              1        208.485			(8, 5)	
   A*12:11:01:03         0        1093        1098              1        208.485			(8, 5)	
   A*12:11:01:01         0        1093        1098              1        208.485			(8, 5)	
         A*12:68         1        1093        1098       0.999085        208.485			(8, 5)				[3, 199]	
         A*12:89         1        1093        1098       0.999085        208.485			(8, 5)				[4, 29]	
      A*12:07:01         1        1093        1098       0.999085        208.485			(8, 5)				[3, 25]	
         A*12:09         1        1093        1098       0.999085        208.485			(8, 5)				[4, 160]	
        A*12:269         1        1093        1098       0.999085        208.485			(8, 5)				[2, 253]	
        A*12:266         1        1093        1098       0.999085        208.485			(8, 5)				[4, 24]	
      A*12:22:01         1        1093        1098       0.999085        208.485			(8, 5)				[3, 196]	
      A*12:24:01         1        1093        1098       0.999085        208.485			(8, 5)				[3, 110]	
         A*12:30         1        1093        1098       0.999085        208.485			(8, 5)				[2, 8]	
        A*12:32N         1        1093        1098       0.999085        208.485			(8, 5)				[3, 150]	
         A*12:33         1        1093        1098       0.999085        208.485			(8, 5)				[3, 25]	
        A*12:252         1        1093        1098       0.999085        208.485			(8, 5)				[4, 90]	
        A*12:251         1        1093        1098       0.999085        208.485			(8, 5)				[3, 113]	
        A*12:53N         1        1093        1098       0.999085        208.485			(8, 5)				[2, 251]	
      A*12:60:01         1        1093        1098       0.999085        208.485			(8, 5)				[3, 76]	
         A*12:64         1        1093        1098       0.999085        208.485			(8, 5)				[3, 76]	
        A*12:249         1        1093        1098       0.999085        208.485			(8, 5)				[2, 184]	
         A*12:77         1        1093        1098       0.999085        208.485			(8, 5)				[3, 226]	
         A*12:04         1        1093        1098       0.999085        208.485			(8, 5)				[3, 19]	
      A*12:11:48         1        1093        1098       0.999085        208.485			(8, 5)				[4, 227]	
      A*12:11:47         1        1093        1098       0.999085        208.485			(8, 5)				[3, 257]	
      A*12:11:15         1        1093        1098       0.999085        208.485			(8, 5)				[4, 188]	
         A*12:26         1        1087        1092        0.99908        209.292			(8, 5)				[3, 184]	
        A*12:374         1        1069        1074       0.999065        211.712			(8, 5)				[3, 64]	
        A*12:134         1        1012        1012       0.999012        223.366			(6, 0)	(7, 0)	(8, 0)				[4, 265]	
      A*12:11:19         1        1012        1012       0.999012        223.366			(6, 0)	(7, 0)	(8, 0)				[2, 74]	
       A*12:321N         1         895         895       0.998883        218.486			(5, 0)	(6, 0)	(7, 0)	(8, 0)				[2, 171]	
        A*12:256         1         895         895       0.998883        218.486			(5, 0)	(6, 0)	(7, 0)	(8, 0)				[4, 109]	
        A*12:372         1         895         895       0.998883        218.486			(5, 0)	(6, 0)	(7, 0)	(8, 0)				[2, 172]	
      A*12:11:59         1         895         895       0.998883        218.486			(5, 0)	(6, 0)	(7, 0)	(8, 0)				[3, 158]	
      A*12:11:49         1         895         895       0.998883        218.486			(5, 0)	(6, 0)	(7, 0)	(8, 0)				[2, 230]	
      A*12:11:03         1         875         875       0.998857        222.019			(5, 0)	(6, 0)	(7, 0)	(8, 0)				[2, 221]	
         A*12:66         1         870         870       0.998851        222.899			(5, 0)	(6, 0)	(7, 0)	(8, 0)				[4, 127]	
        A*12:132         1         848         868       0.998821        226.892			(5, 20)	(6, 0)	(7, 0)	(8, 0)				[4, 189]	
        A*12:221         1         822         822       0.998783        231.815			(1, 0)	(5, 0)	(6, 0)	(7, 0)	(8, 0)				[3, 141]	
      A*12:97:02         1         822         822       0.998783        231.815			(1, 0)	(5, 0)	(6, 0)	(7, 0)	(8, 0)				[4, 149]	
       A*12:113N         1         822         822       0.998783        231.815			(1, 0)	(5, 0)	(6, 0)	(7, 0)	(8, 0)				[2, 178]	
        A*12:121         1         822         822       0.998783        231.815			(1, 0)	(5, 0)	(6, 0)	(7, 0)	(8, 0)				[3, 273]	
        A*12:123         1         822         822       0.998783        231.815			(1, 0)	(5, 0)	(6, 0)	(7, 0)	(8, 0)				[2, 48]	
        A*12:357         1         822         822       0.998783        231.815			(1, 0)	(5, 0)	(6, 0)	(7, 0)	(8, 0)				[4, 221]	
       A*12:356N         1         822         822       0.998783        231.815			(1, 0)	(5, 0)	(6, 0)	(7, 0)	(8, 0)				[4, 224]	
        A*12:336         1         822         822       0.998783        231.815			(1, 0)	(5, 0)	(6, 0)	(7, 0)	(8, 0)				[3, 225]	
        A*12:133         1         822         822       0.998783        231.815			(1, 0)	(5, 0)	(6, 0)	(7, 0)	(8, 0)				[2, 148]	
        A*12:329         1         822         822       0.998783        231.815			(1, 0)	(5, 0)	(6, 0)	(7, 0)	(8, 0)				[4, 243]	
        A*12:140         1         822         822       0.998783        231.815			(1, 0)	(5, 0)	(6, 0)	(7, 0)	(8, 0)				[4, 108]	
        A*12:145         1         822         822       0.998783        231.815			(1, 0)	(5, 0)	(6, 0)	(7, 0)	(8, 0)				[3, 187]	
        A*12:150         1         822         822       0.998783        231.815			(1, 0)	(5, 0)	(6, 0)	(7, 0)	(8, 0)				[2, 51]	
        A*12:157         1         822         822       0.998783        231.815			(1, 0)	(5, 0)	(6, 0)	(7, 0)	(8, 0)				[3, 21]	
        A*12:207         1         822         822       0.998783        231.815			(1, 0)	(5, 0)	(6, 0)	(7, 0)	(8, 0)				[2, 267]	
     A*12:217:02         1         822         822       0.998783        231.815			(1, 0)	(5, 0)	(6, 0)	(7, 0)	(8, 0)				[2, 183]	
      A*12:11:06         1         822         822       0.998783        231.815			(1, 0)	(5, 0)	(6, 0)	(7, 0)	(8, 0)				[3, 53]	
        A*12:327         1         822         822       0.998783        231.815			(1, 0)	(5, 0)	(6, 0)	(7, 0)	(8, 0)				[4, 72]	
        A*12:322         1         822         822       0.998783        231.815			(1, 0)	(5, 0)	(6, 0)	(7, 0)	(8, 0)				[3, 102]	
       A*12:227N         1         822         822       0.998783        231.815			(1, 0)	(5, 0)	(6, 0)	(7, 0)	(8, 0)				[3, 267]	
      A*12:11:11         1         822         822       0.998783        231.815			(1, 0)	(5, 0)	(6, 0)	(7, 0)	(8, 0)				[4, 2]	
        A*12:241         1         822         822       0.998783        231.815			(1, 0)	(5, 0)	(6, 0)	(7, 0)	(8, 0)				[4, 109]	
      A*12:11:10         1         822         822       0.998783        231.815			(1, 0)	(5, 0)	(6, 0)	(7, 0)	(8, 0)				[3, 2]	
      A*12:11:09         1         822         822       0.998783        231.815			(1, 0)	(5, 0)	(6, 0)	(7, 0)	(8, 0)				[2, 71]	
      A*12:11:08         1         822         822       0.998783        231.815			(1, 0)	(5, 0)	(6, 0)	(7, 0)	(8, 0)				[4, 137]	
      A*12:11:07         1         822         822       0.998783        231.815			(1, 0)	(5, 0)	(6, 0)	(7, 0)	(8, 0)				[2, 50]	
        A*12:294         1         822         822       0.998783        231.815			(1, 0)	(5, 0)	(6, 0)	(7, 0)	(8, 0)				[4, 210]	
        A*12:260         1         822         822       0.998783        231.815			(1, 0)	(5, 0)	(6, 0)	(7, 0)	(8, 0)				[2, 190]	
        A*12:292         1         822         822       0.998783        231.815			(1, 0)	(5, 0)	(6, 0)	(7, 0)	(8, 0)				[2, 204]	
        A*12:291         1         822         822       0.998783        231.815			(1, 0)	(5, 0)	(6, 0)	(7, 0)	(8, 0)				[4, 261]	
      A*12:11:05         1         822         822       0.998783        231.815			(1, 0)	(5, 0)	(6, 0)	(7, 0)	(8, 0)				[3, 113]	
        A*12:262         1         822         822       0.998783        231.815			(1, 0)	(5, 0)	(6, 0)	(7, 0)	(8, 0)				[3, 202]	
         A*12:96         1         822         822       0.998783        231.815			(1, 0)	(5, 0)	(6, 0)	(7, 0)	(8, 0)				[2, 270]	
      A*12:11:80         1         822         822       0.998783        231.815			(1, 0)	(5, 0)	(6, 0)	(7, 0)	(8, 0)				[4, 29]	
      A*12:11:79         1         822         822       0.998783        231.815			(1, 0)	(5, 0)	(6, 0)	(7, 0)	(8, 0)				[4, 143]	
      A*12:20:01         1         822         822       0.998783        231.815			(1, 0)	(5, 0)	(6, 0)	(7, 0)	(8, 0)				[2, 197]	
      A*12:11:72         1         822         822       0.998783        231.815			(1, 0)	(5, 0)	(6, 0)	(7, 0)	(8, 0)				[3, 248]	
      A*12:11:50         1         822         822       0.998783        231.815			(1, 0)	(5, 0)	(6, 0)	(7, 0)	(8, 0)				[4, 80]	
         A*12:29         1         822         822       0.998783        231.815			(1, 0)	(5, 0)	(6, 0)	(7, 0)	(8, 0)				[2, 195]	
         A*12:34         1         822         822       0.998783        231.815			(1, 0)	(5, 0)	(6, 0)	(7, 0)	(8, 0)				[2, 209]	
         A*12:42         1         822         822       0.998783        231.815			(1, 0)	(5, 0)	(6, 0)	(7, 0)	(8, 0)				[2, 69]	
      A*12:11:46         1         822         822       0.998783        231.815			(1, 0)	(5, 0)	(6, 0)	(7, 0)	(8, 0)				[3, 224]	
      A*12:11:43         1         822         822       0.998783        231.815			(1, 0)	(5, 0)	(6, 0)	(7, 0)	(8, 0)				[2, 32]	
      A*12:11:22         1         822         822       0.998783        231.815			(1, 0)	(5, 0)	(6, 0)	(7, 0)	(8, 0)				[3, 195]	
         A*12:59         1         822         822       0.998783        231.815			(1, 0)	(5, 0)	(6, 0)	(7, 0)	(8, 0)				[2, 52]	
      A*12:11:21         1         822         822       0.998783        231.815			(1, 0)	(5, 0)	(6, 0)	(7, 0)	(8, 0)				[4, 53]	
      A*12:11:18         1         822         822       0.998783        231.815			(1, 0)	(5, 0)	(6, 0)	(7, 0)	(8, 0)				[3, 275]	
         A*12:90         1         822         822       0.998783        231.815			(1, 0)	(5, 0)	(6, 0)	(7, 0)	(8, 0)				[2, 219]	
         A*12:85         1         822         822       0.998783        231.815			(1, 0)	(5, 0)	(6, 0)	(7, 0)	(8, 0)				[3, 175]	
        A*12:83N         1         822         822       0.998783        231.815			(1, 0)	(5, 0)	(6, 0)	(7, 0)	(8, 0)				[4, 210]	
         A*12:70         1         822         822       0.998783        231.815			(1, 0)	(5, 0)	(6, 0)	(7, 0)	(8, 0)				[2, 192]	
        A*12:88N         1         822         822       0.998783        231.815			(1, 0)	(5, 0)	(6, 0)	(7, 0)	(8, 0)				[3, 77]	
     A*12:11:14Q         1         822         822       0.998783        231.815			(1, 0)	(5, 0)	(6, 0)	(7, 0)	(8, 0)				[4, 86]	
      A*12:76:01         1         822         822       0.998783        231.815			(1, 0)	(5, 0)	(6, 0)	(7, 0)	(8, 0)				[2, 25]	
      A*12:97:01         1         822         822       0.998783        231.815			(1, 0)	(5, 0)	(6, 0)	(7, 0)	(8, 0)				[4, 149]	
         A*12:75         1         822         822       0.998783        231.815			(1, 0)	(5, 0)	(6, 0)	(7, 0)	(8, 0)				[4, 73]	
      A*12:74:01         1         822         822       0.998783        231.815			(1, 0)	(5, 0)	(6, 0)	(7, 0)	(8, 0)				[3, 252]	
         A*12:71         1         822         822       0.998783        231.815			(1, 0)	(5, 0)	(6, 0)	(7, 0)	(8, 0)				[3, 151]	
         A*12:67         1         812         812       0.998768        232.461			(1, 0)	(5, 0)	(6, 0)	(7, 0)	(8, 0)				[3, 60]	


 ------------ Inferred Allelic Pairs ------------- 

A*12:11:01:02L		A*12:11:01:02L		0
A*12:11:01:02L		A*12:11:01:03		0
A*12:11:01:02L		A*12:11:01:01		0
A*12:11:01:03		A*12:11:01:03		0
A*12:11:01:03		A*12:11:01:01		0
A*12:11:01:01		A*12:11:01:01		0
