            Name        HD     Aln_len    cDNA_len     Similarity        Avg_cov               Missing_exons (ID, len); mismatches [ID, pos]

   B*15:11:01:01         0        1089        1089              1        143.583
      B*05:12:01         0        1087        1089              1        312.116
      B*15:11:20         0        1033        1045              1        140.427			(7, 0)	
  B*15:11:01:02N         0        1016        1208              1        152.346			(1, 192)	
      B*05:12:06         0         895         895              1        374.682			(5, 0)	(6, 0)	(7, 0)	
       B*05:161N         0         893        1013              1        373.746			(5, 118)	(6, 0)	(7, 0)	
      B*46:01:01         0         819        1089              1        157.463			(2, 270)	
      B*46:01:05         0         819        1089              1        157.463			(2, 270)	
         B*15:08         0         819        1089              1        157.463			(2, 270)	
      B*15:11:01         0         819        1089              1        157.463			(2, 270)	
         B*15:24         0         819        1089              1        157.463			(2, 270)	
         B*15:54         0         819        1089              1        157.463			(2, 270)	
         B*48:08         0         817        1089              1        204.508			(2, 270)	
         B*05:03         0         817        1089              1        204.508			(2, 270)	
         B*05:50         0         817        1089              1        204.508			(2, 270)	
         B*15:77         0         813        1089              1        56.8672			(3, 276)	
         B*15:04         0         813        1089              1        56.8672			(3, 276)	
      B*15:05:01         0         813        1089              1        56.8672			(3, 276)	
      B*15:25:01         0         813        1089              1        56.8672			(3, 276)	
         B*15:73         0         813        1089              1        56.8672			(3, 276)	
         B*15:83         0         813        1089              1        56.8672			(3, 276)	
        B*15:195         0         813        1089              1        56.8672			(3, 276)	
         B*05:04         0         811        1089              1        226.286			(3, 276)	
         B*05:33         0         811        1089              1        226.286			(3, 276)	
      B*05:18:01         0         811        1089              1        226.286			(3, 276)	
         B*05:14         0         811        1089              1        226.286			(3, 276)	
         B*05:77         0         811        1089              1        226.286			(3, 276)	
        B*15:140         0         810         822              1        174.763			(1, 0)	(5, 0)	(6, 0)	(7, 0)	
        B*05:130         0         787         822              1        419.288			(1, 0)	(5, 0)	(6, 0)	(7, 0)	
        B*05:120         0         787         822              1        419.288			(1, 0)	(5, 0)	(6, 0)	(7, 0)	
         B*15:42         0         778        1089              1        54.4884			(3, 276)	
       B*15:246N         0         742        1010              1        160.858			(2, 268)	(6, 0)	(7, 0)	
         B*05:36         0         740        1012              1        225.041			(2, 270)	(6, 0)	(7, 0)	
         B*15:06         0         740        1016              1        60.3446			(1, 0)	(3, 276)	
        B*15:199         0         736        1012              1        49.7663			(3, 276)	(6, 0)	(7, 0)	
      B*15:11:05         0         730        1012              1        160.964			(2, 270)	(6, 0)	(7, 0)	
      B*15:07:01         1        1089        1089       0.999082        143.583			[3, 20]	
      B*15:11:17         1        1089        1089       0.999082        143.583			[3, 116]	
         B*15:14         1        1089        1089       0.999082        143.583			[3, 229]	
        B*15:146         1        1089        1089       0.999082        143.583			[4, 150]	
         B*15:66         1        1089        1089       0.999082        143.583			[2, 199]	
         B*05:06         1        1087        1089        0.99908        312.116			[3, 69]	
         B*05:41         1        1087        1089        0.99908        312.116			[2, 75]	
         B*05:44         1        1087        1089        0.99908        312.116			[4, 233]	
        B*05:156         1        1087        1089        0.99908        312.116			[4, 6]	
         B*05:07         1        1087        1089        0.99908        312.116			[3, 20]	
        B*15:193         1        1012        1012       0.999012        145.017			(6, 0)	(7, 0)				[3, 222]	
      B*15:11:06         1        1012        1012       0.999012        145.017			(6, 0)	(7, 0)				[4, 86]	
        B*05:124         1        1010        1012        0.99901        335.363			(6, 0)	(7, 0)				[3, 187]	
         B*05:46         1        1010        1012        0.99901        335.363			(6, 0)	(7, 0)				[2, 145]	
         B*05:61         1        1010        1012        0.99901        335.363			(6, 0)	(7, 0)				[5, 75]	
      B*05:12:25         1        1010        1012        0.99901        335.363			(6, 0)	(7, 0)				[3, 131]	
      B*05:12:20         1        1010        1012        0.99901        335.363			(6, 0)	(7, 0)				[3, 137]	
      B*05:12:19         1        1010        1012        0.99901        335.363			(6, 0)	(7, 0)				[2, 102]	
         B*05:66         1        1010        1012        0.99901        335.363			(6, 0)	(7, 0)				[3, 196]	
      B*05:12:02         1        1007        1009       0.999007        336.267			(6, 0)	(7, 0)				[3, 239]	
      B*05:12:14         1         937         939       0.998933         359.87			(1, 0)	(6, 0)	(7, 0)				[3, 134]	
         B*05:57         1         926         928        0.99892        362.815			(6, 0)	(7, 0)				[2, 229]	
        B*15:128         1         911         911       0.998902        159.538			(6, 0)	(7, 0)				[3, 66]	
        B*15:228         1         904         939       0.998894        156.347			(1, 0)	(6, 0)	(7, 0)				[4, 33]	
         B*15:28         1         895         895       0.998883        161.999			(5, 0)	(6, 0)	(7, 0)				[2, 190]	
         B*05:59         1         893         895        0.99888        373.746			(5, 0)	(6, 0)	(7, 0)				[4, 135]	
         B*15:92         1         822         822       0.998783        174.466			(1, 0)	(5, 0)	(6, 0)	(7, 0)				[2, 148]	
      B*15:11:07         1         822         822       0.998783        174.466			(1, 0)	(5, 0)	(6, 0)	(7, 0)				[4, 116]	
         B*15:34         1         822         822       0.998783        174.466			(1, 0)	(5, 0)	(6, 0)	(7, 0)				[3, 36]	
         B*15:35         1         822         822       0.998783        174.466			(1, 0)	(5, 0)	(6, 0)	(7, 0)				[3, 19]	
      B*15:38:01         1         822         822       0.998783        174.466			(1, 0)	(5, 0)	(6, 0)	(7, 0)				[3, 240]	
         B*15:63         1         822         822       0.998783        174.466			(1, 0)	(5, 0)	(6, 0)	(7, 0)				[3, 76]	
         B*15:70         1         822         822       0.998783        174.466			(1, 0)	(5, 0)	(6, 0)	(7, 0)				[2, 219]	
        B*15:247         1         822         822       0.998783        174.466			(1, 0)	(5, 0)	(6, 0)	(7, 0)				[4, 49]	
         B*15:81         1         822         822       0.998783        174.466			(1, 0)	(5, 0)	(6, 0)	(7, 0)				[2, 73]	
         B*15:82         1         822         822       0.998783        174.466			(1, 0)	(5, 0)	(6, 0)	(7, 0)				[2, 165]	
        B*15:227         1         822         822       0.998783        174.466			(1, 0)	(5, 0)	(6, 0)	(7, 0)				[4, 253]	
        B*15:94N         1         822         822       0.998783        174.466			(1, 0)	(5, 0)	(6, 0)	(7, 0)				[2, 222]	
        B*15:102         1         822         822       0.998783        174.466			(1, 0)	(5, 0)	(6, 0)	(7, 0)				[4, 160]	
        B*15:104         1         822         822       0.998783        174.466			(1, 0)	(5, 0)	(6, 0)	(7, 0)				[4, 104]	
        B*15:120         1         822         822       0.998783        174.466			(1, 0)	(5, 0)	(6, 0)	(7, 0)				[2, 188]	
       B*15:245Q         1         822         822       0.998783        174.466			(1, 0)	(5, 0)	(6, 0)	(7, 0)				[3, 220]	
        B*15:163         1         822         822       0.998783        174.466			(1, 0)	(5, 0)	(6, 0)	(7, 0)				[2, 127]	
        B*15:169         1         822         822       0.998783        174.466			(1, 0)	(5, 0)	(6, 0)	(7, 0)				[3, 114]	
        B*15:178         1         822         822       0.998783        174.466			(1, 0)	(5, 0)	(6, 0)	(7, 0)				[3, 144]	
        B*15:201         1         822         822       0.998783        174.466			(1, 0)	(5, 0)	(6, 0)	(7, 0)				[4, 43]	
        B*15:202         1         822         822       0.998783        174.466			(1, 0)	(5, 0)	(6, 0)	(7, 0)				[2, 133]	
      B*15:11:23         1         822         822       0.998783        174.466			(1, 0)	(5, 0)	(6, 0)	(7, 0)				[3, 50]	
      B*15:11:11         1         822         822       0.998783        174.466			(1, 0)	(5, 0)	(6, 0)	(7, 0)				[2, 218]	
      B*15:11:22         1         822         822       0.998783        174.466			(1, 0)	(5, 0)	(6, 0)	(7, 0)				[4, 197]	
      B*15:11:18         1         822         822       0.998783        174.466			(1, 0)	(5, 0)	(6, 0)	(7, 0)				[3, 185]	
      B*15:11:21         1         822         822       0.998783        174.466			(1, 0)	(5, 0)	(6, 0)	(7, 0)				[2, 233]	
        B*05:128         1         820         822        0.99878        405.166			(1, 0)	(5, 0)	(6, 0)	(7, 0)				[4, 261]	
        B*05:119         1         820         822        0.99878        405.166			(1, 0)	(5, 0)	(6, 0)	(7, 0)				[2, 171]	
        B*05:129         1         820         822        0.99878        405.166			(1, 0)	(5, 0)	(6, 0)	(7, 0)				[4, 52]	
        B*05:49N         1         820         822        0.99878        405.166			(1, 0)	(5, 0)	(6, 0)	(7, 0)				[4, 274]	
        B*05:155         1         820         822        0.99878        405.166			(1, 0)	(5, 0)	(6, 0)	(7, 0)				[3, 181]	
         B*05:10         1         820         822        0.99878        405.166			(1, 0)	(5, 0)	(6, 0)	(7, 0)				[2, 199]	
         B*05:58         1         820         822        0.99878        405.166			(1, 0)	(5, 0)	(6, 0)	(7, 0)				[4, 31]	
      B*05:12:09         1         820         822        0.99878        405.166			(1, 0)	(5, 0)	(6, 0)	(7, 0)				[4, 53]	
         B*05:92         1         820         822        0.99878        405.166			(1, 0)	(5, 0)	(6, 0)	(7, 0)				[2, 226]	
      B*05:12:05         1         820         822        0.99878        405.166			(1, 0)	(5, 0)	(6, 0)	(7, 0)				[2, 53]	
         B*46:24         1         819        1089       0.998779        157.463			(2, 270)				[4, 202]	
        B*05:113         1         819         821       0.998779        405.647			(1, 0)	(5, 0)	(6, 0)	(7, 0)				[3, 163]	
         B*08:79         1         817        1089       0.998776        204.508			(2, 270)				[3, 69]	
         B*15:20         1         778        1089       0.998715        54.4884			(3, 276)				[4, 33]	
      B*42:01:01         1         778        1089       0.998715        232.985			(3, 276)				[5, 113]	
         B*42:08         1         778        1089       0.998715        232.985			(3, 276)				[5, 113]	
         B*46:23         1         742        1012       0.998652        160.858			(2, 270)	(6, 0)	(7, 0)				[3, 129]	
         B*81:02         1         654         932       0.998471        275.151			(3, 276)	(6, 0)	(7, 0)				[4, 186]	
         B*05:09         1         619         619       0.998384        532.242			(4, 0)	(5, 0)	(6, 0)	(7, 0)				[3, 76]	
         B*05:42         1         615         615       0.998374        535.691			(4, 0)	(5, 0)	(6, 0)	(7, 0)				[3, 270]	
      B*15:27:01         2        1089        1089       0.998163        143.583			[3, 25]	[3, 26]	
         B*15:58         2        1089        1089       0.998163        143.583			[3, 69]	[3, 76]	
         B*15:12         2        1089        1089       0.998163        143.583			[3, 227]	[3, 228]	
         B*15:32         2        1089        1089       0.998163        143.583			[3, 25]	[3, 26]	
        B*15:26N         2        1089        1089       0.998163        143.583			[1, 11]	[3, 26]	
         B*15:15         2        1089        1089       0.998163        143.583			[2, 186]	[2, 188]	
      B*05:05:01         2        1087        1089        0.99816        312.116			[3, 69]	[5, 21]	
         B*05:86         2        1087        1089        0.99816        312.116			[2, 30]	[2, 33]	
        B*05:100         2        1012        1012       0.998024        288.029			(6, 0)	(7, 0)				[3, 20]	[3, 76]	
         B*15:50         2        1012        1012       0.998024        145.017			(6, 0)	(7, 0)				[3, 216]	[3, 217]	
      B*15:07:02         2        1012        1012       0.998024        145.017			(6, 0)	(7, 0)				[3, 20]	[4, 68]	
         B*05:75         2         937         939       0.997866         359.87			(1, 0)	(6, 0)	(7, 0)				[2, 219]	[2, 229]	
      B*05:56:01         2         878         880       0.997722        381.614			(1, 0)	(6, 0)	(7, 0)				[2, 69]	[2, 92]	
      B*15:39:01         2         822         822       0.997567        174.466			(1, 0)	(5, 0)	(6, 0)	(7, 0)				[3, 195]	[3, 196]	
         B*15:30         2         822         822       0.997567        174.466			(1, 0)	(5, 0)	(6, 0)	(7, 0)				[3, 69]	[3, 76]	
         B*05:17         2         820         822       0.997561        405.166			(1, 0)	(5, 0)	(6, 0)	(7, 0)				[3, 66]	[3, 76]	
        B*05:139         2         820         822       0.997561        405.166			(1, 0)	(5, 0)	(6, 0)	(7, 0)				[3, 267]	[3, 275]	
         B*05:40         2         820         822       0.997561        405.166			(1, 0)	(5, 0)	(6, 0)	(7, 0)				[3, 69]	[3, 262]	
      B*15:18:01         2         819        1089       0.997558        157.463			(2, 270)				[3, 195]	[3, 196]	
         B*15:23         2         819        1089       0.997558        157.463			(2, 270)				[3, 195]	[3, 196]	
      B*15:03:01         2         819        1089       0.997558        157.463			(2, 270)				[3, 195]	[3, 196]	
        B*05:112         2         819         821       0.997558        405.647			(1, 0)	(5, 0)	(6, 0)	(7, 0)				[2, 48]	[3, 69]	
         B*15:55         2         813        1089        0.99754        56.8672			(3, 276)				[2, 186]	[2, 188]	
        B*15:223         2         813        1089        0.99754        56.8672			(3, 276)				[2, 186]	[2, 188]	
      B*15:02:01         2         813        1089        0.99754        56.8672			(3, 276)				[2, 186]	[2, 188]	
        B*15:194         2         813        1089        0.99754        56.8672			(3, 276)				[2, 186]	[2, 188]	
         B*42:02         2         778        1089       0.997429        232.985			(3, 276)				[2, 24]	[5, 113]	
         B*46:30         2         669         939        0.99701        176.052			(1, 0)	(2, 270)	(6, 0)	(7, 0)				[3, 216]	[3, 217]	
         B*15:57         2         615         615       0.996748        226.125			(4, 0)	(5, 0)	(6, 0)	(7, 0)				[2, 226]	[2, 229]	


 ------------ Candidate Allelic Pairs -------------

            Name        HD     Aln_len    cDNA_len     Similarity        Avg_cov               Missing_exons (ID, len); mismatches [ID, pos]

   B*15:11:01:01         0        1089        1089              1        143.583
      B*05:12:01         0        1087        1089              1        312.116
      B*15:11:20         0        1033        1045              1        140.427			(7, 0)	
      B*05:12:06         0         895         895              1        374.682			(5, 0)	(6, 0)	(7, 0)	
        B*15:140         0         810         822              1        174.763			(1, 0)	(5, 0)	(6, 0)	(7, 0)	
        B*05:130         0         787         822              1        419.288			(1, 0)	(5, 0)	(6, 0)	(7, 0)	
        B*05:120         0         787         822              1        419.288			(1, 0)	(5, 0)	(6, 0)	(7, 0)	


 ------------ Inferred Allelic Pairs ------------- 

B*15:11:01:01		B*05:12:01		0
