            Name        HD     Aln_len    cDNA_len     Similarity        Avg_cov               Missing_exons (ID, len); mismatches [ID, pos]

   DQB1*05:08:01         0         772         786              1        504.593			(5, 0)	(6, 14)	
   DQB1*03:02:01         0         772         786              1        59.5648			(5, 0)	(6, 14)	
DQB1*03:03:02:01         1         772         786       0.998705        59.5648			(5, 0)	(6, 14)				[2, 157]	
DQB1*03:03:02:02         1         772         786       0.998705        59.5648			(5, 0)	(6, 14)				[2, 157]	
DQB1*03:03:02:03         1         772         786       0.998705        59.5648			(5, 0)	(6, 14)				[2, 157]	
      DQB1*05:47         1         552         552       0.998188         559.29			(1, 0)	(4, 0)	(5, 0)	(6, 0)				[3, 239]	
      DQB1*03:32         1         552         552       0.998188        72.9348			(1, 0)	(4, 0)	(5, 0)	(6, 0)				[3, 138]	
      DQB1*03:31         2         618         618       0.996764             66			(1, 0)	(5, 0)	(6, 0)				[2, 157]	[3, 63]	
   DQB1*03:03:04         2         552         552       0.996377        72.9348			(1, 0)	(4, 0)	(5, 0)	(6, 0)				[2, 157]	[3, 224]	
      DQB1*03:30         2         552         552       0.996377        72.9348			(1, 0)	(4, 0)	(5, 0)	(6, 0)				[2, 13]	[2, 157]	
      DQB1*03:38         2         552         552       0.996377        72.9348			(1, 0)	(4, 0)	(5, 0)	(6, 0)				[2, 75]	[2, 157]	
      DQB1*03:39         2         552         552       0.996377        72.9348			(1, 0)	(4, 0)	(5, 0)	(6, 0)				[2, 157]	[3, 98]	
      DQB1*03:41         2         552         552       0.996377        72.9348			(1, 0)	(4, 0)	(5, 0)	(6, 0)				[2, 120]	[2, 157]	
      DQB1*03:43         2         552         552       0.996377        72.9348			(1, 0)	(4, 0)	(5, 0)	(6, 0)				[2, 157]	[3, 141]	
      DQB1*03:33         2         522         522       0.996169        75.7088			(1, 0)	(4, 0)	(5, 0)	(6, 0)				[2, 157]	[3, 156]	
      DQB1*03:34         2         522         522       0.996169        75.7088			(1, 0)	(4, 0)	(5, 0)	(6, 0)				[2, 45]	[2, 157]	


 ------------ Candidate Allelic Pairs -------------

            Name        HD     Aln_len    cDNA_len     Similarity        Avg_cov               Missing_exons (ID, len); mismatches [ID, pos]

   DQB1*05:08:01         0         772         786              1        504.593			(5, 0)	(6, 14)	
   DQB1*03:02:01         0         772         786              1        59.5648			(5, 0)	(6, 14)	


 ------------ Inferred Allelic Pairs ------------- 

DQB1*05:08:01		DQB1*03:02:01		0
