            Name        HD     Aln_len    cDNA_len     Similarity        Avg_cov               Missing_exons (ID, len); mismatches [ID, pos]

   DRB1*14:04:01         0         787         801              1        133.211			(6, 14)	
DRB1*05:01:01:01         0         787         801              1        278.686			(6, 14)	
DRB1*05:01:01:02         0         787         801              1        278.686			(6, 14)	
DRB1*05:01:01:03         0         787         801              1        278.686			(6, 14)	
DRB1*05:01:01:04         0         787         801              1        278.686			(6, 14)	
   DRB1*14:08:01         1         787         801       0.998729        133.211			(6, 14)				[2, 199]	
DRB1*05:03:01:01         1         787         801       0.998729        278.686			(6, 14)				[2, 75]	
DRB1*05:03:01:02         1         787         801       0.998729        278.686			(6, 14)				[2, 75]	
      DRB1*05:04         1         787         801       0.998729        278.686			(6, 14)				[2, 186]	
   DRB1*05:01:17         1         552         552       0.998188        295.795			(1, 0)	(4, 0)	(5, 0)	(6, 0)				[3, 260]	
      DRB1*14:16         1         544         544       0.998162        148.614			(1, 0)	(4, 0)	(5, 0)	(6, 0)				[2, 162]	
      DRB1*14:34         1         544         544       0.998162        148.614			(1, 0)	(4, 0)	(5, 0)	(6, 0)				[2, 25]	
   DRB1*05:07:01         1         543         543       0.998158        295.941			(1, 0)	(4, 0)	(5, 0)	(6, 0)				[2, 127]	
   DRB1*14:07:01         2         787         801       0.997459        133.211			(6, 14)				[2, 199]	[2, 208]	
   DRB1*05:02:01         2         787         801       0.997459        278.686			(6, 14)				[2, 244]	[2, 245]	


 ------------ Candidate Allelic Pairs -------------

            Name        HD     Aln_len    cDNA_len     Similarity        Avg_cov               Missing_exons (ID, len); mismatches [ID, pos]

   DRB1*14:04:01         0         787         801              1        133.211			(6, 14)	
DRB1*05:01:01:01         0         787         801              1        278.686			(6, 14)	
DRB1*05:01:01:02         0         787         801              1        278.686			(6, 14)	
DRB1*05:01:01:03         0         787         801              1        278.686			(6, 14)	
DRB1*05:01:01:04         0         787         801              1        278.686			(6, 14)	


 ------------ Inferred Allelic Pairs ------------- 

DRB1*14:04:01		DRB1*05:01:01:01		0
DRB1*14:04:01		DRB1*05:01:01:02		0
DRB1*14:04:01		DRB1*05:01:01:03		0
DRB1*14:04:01		DRB1*05:01:01:04		0
