            Name        HD     Aln_len    cDNA_len     Similarity        Avg_cov               Missing_exons (ID, len); mismatches [ID, pos]

DPB1*04:09:01:01         0         757         777              1        153.557			(5, 20)	
DPB1*04:09:01:02         0         757         777              1        153.557			(5, 20)	
      DPB1*39:01         1         757         777       0.998679        153.557			(5, 20)				[2, 91]	
      DPB1*23:01         1         546         546       0.998168        136.824			(1, 0)	(4, 0)	(5, 0)				[2, 94]	
      DPB1*33:01         1         546         546       0.998168        136.824			(1, 0)	(4, 0)	(5, 0)				[2, 192]	
     DPB1*121:01         1         546         546       0.998168        136.824			(1, 0)	(4, 0)	(5, 0)				[2, 102]	
     DPB1*126:01         1         546         546       0.998168        136.824			(1, 0)	(4, 0)	(5, 0)				[3, 255]	
     DPB1*134:01         1         546         546       0.998168        136.824			(1, 0)	(4, 0)	(5, 0)				[2, 220]	
     DPB1*138:01         2         657         657       0.996956        162.443			(1, 0)	(5, 0)				[2, 94]	[3, 255]	


 ------------ Candidate Allelic Pairs -------------

            Name        HD     Aln_len    cDNA_len     Similarity        Avg_cov               Missing_exons (ID, len); mismatches [ID, pos]

DPB1*04:09:01:01         0         757         777              1        153.557			(5, 20)	
DPB1*04:09:01:02         0         757         777              1        153.557			(5, 20)	
      DPB1*39:01         1         757         777       0.998679        153.557			(5, 20)				[2, 91]	
      DPB1*23:01         1         546         546       0.998168        136.824			(1, 0)	(4, 0)	(5, 0)				[2, 94]	
      DPB1*33:01         1         546         546       0.998168        136.824			(1, 0)	(4, 0)	(5, 0)				[2, 192]	
     DPB1*121:01         1         546         546       0.998168        136.824			(1, 0)	(4, 0)	(5, 0)				[2, 102]	
     DPB1*126:01         1         546         546       0.998168        136.824			(1, 0)	(4, 0)	(5, 0)				[3, 255]	
     DPB1*134:01         1         546         546       0.998168        136.824			(1, 0)	(4, 0)	(5, 0)				[2, 220]	


 ------------ Inferred Allelic Pairs ------------- 

DPB1*04:09:01:01		DPB1*04:09:01:01		0
DPB1*04:09:01:01		DPB1*04:09:01:02		0
DPB1*04:09:01:02		DPB1*04:09:01:02		0
