            Name        HD     Aln_len    cDNA_len     Similarity        Avg_cov               Missing_exons (ID, len); mismatches [ID, pos]

      C*03:13:01         0        1096        1101              1        208.027			(8, 5)	
   C*17:07:01:01         0        1096        1101              1         292.11			(8, 5)	
   C*17:07:01:02         0        1096        1101              1         292.11			(8, 5)	
   C*17:07:01:03         0        1096        1101              1         292.11			(8, 5)	
         C*03:46         0         826        1098              1        143.709			(2, 267)	(8, 5)	
        C*17:32N         0         820        1108              1        223.644			(3, 283)	(8, 5)	
      C*17:07:06         1        1096        1101       0.999088         292.11			(8, 5)				[3, 158]	
      C*03:13:02         1        1096        1101       0.999088        208.027			(8, 5)				[3, 149]	
         C*03:61         1        1096        1101       0.999088        208.027			(8, 5)				[3, 223]	
         C*03:62         1        1096        1096       0.999088        208.027			(8, 0)				[4, 43]	
        C*17:208         1        1096        1096       0.999088         292.11			(8, 0)				[3, 132]	
        C*17:172         1        1096        1101       0.999088         292.11			(8, 5)				[2, 69]	
        C*17:149         1        1096        1101       0.999088         292.11			(8, 5)				[3, 214]	
      C*17:07:02         1        1096        1096       0.999088         292.11			(8, 0)				[2, 170]	
      C*17:07:03         1        1096        1096       0.999088         292.11			(8, 0)				[3, 218]	
      C*17:07:05         1        1096        1101       0.999088         292.11			(8, 5)				[3, 155]	
         C*17:67         1        1096        1101       0.999088         292.11			(8, 5)				[3, 211]	
         C*17:29         1        1096        1101       0.999088         292.11			(8, 5)				[3, 76]	
         C*17:42         1        1096        1101       0.999088         292.11			(8, 5)				[3, 67]	
         C*17:46         1        1096        1096       0.999088         292.11			(8, 0)				[2, 133]	
         C*17:49         1        1096        1101       0.999088         292.11			(8, 5)				[2, 229]	
         C*17:50         1        1096        1096       0.999088        285.851			(8, 0)				[7, 39]	
      C*17:56:02         1        1096        1101       0.999088         292.11			(8, 5)				[2, 270]	
         C*17:66         1        1096        1101       0.999088         292.11			(8, 5)				[4, 69]	
   C*03:04:01:01         1        1096        1101       0.999088        208.027			(8, 5)				[2, 270]	
        C*03:20N         1        1096        1101       0.999088        208.027			(8, 5)				[1, 19]	
   C*03:04:01:02         1        1096        1101       0.999088        208.027			(8, 5)				[2, 270]	
      C*17:07:04         1        1049        1054       0.999047        303.578			(8, 5)				[3, 275]	
      C*17:07:25         1        1023        1023       0.999022         310.28			(1, 0)	(8, 0)				[2, 5]	
      C*17:07:26         1        1023        1023       0.999022         310.28			(1, 0)	(8, 0)				[2, 8]	
         C*03:49         1        1015        1015       0.999015          213.9			(6, 0)	(7, 0)	(8, 0)				[3, 196]	
        C*17:244         1        1015        1015       0.999015        297.934			(6, 0)	(7, 0)	(8, 0)				[2, 223]	
      C*03:13:18         1         895         895       0.998883        240.378			(5, 0)	(6, 0)	(7, 0)	(8, 0)				[2, 191]	
        C*17:185         1         895         895       0.998883        324.631			(5, 0)	(6, 0)	(7, 0)	(8, 0)				[3, 147]	
      C*17:07:21         1         895         895       0.998883        324.631			(5, 0)	(6, 0)	(7, 0)	(8, 0)				[4, 29]	
      C*03:43:01         1         895         895       0.998883        240.378			(5, 0)	(6, 0)	(7, 0)	(8, 0)				[3, 76]	
        C*17:154         1         895         895       0.998883        324.631			(5, 0)	(6, 0)	(7, 0)	(8, 0)				[3, 210]	
      C*17:07:23         1         822         822       0.998783        350.131			(1, 0)	(5, 0)	(6, 0)	(7, 0)	(8, 0)				[4, 242]	
         C*17:51         1         822         822       0.998783        350.131			(1, 0)	(5, 0)	(6, 0)	(7, 0)	(8, 0)				[2, 268]	
      C*17:07:34         1         822         822       0.998783        350.131			(1, 0)	(5, 0)	(6, 0)	(7, 0)	(8, 0)				[3, 224]	
         C*17:39         1         822         822       0.998783        350.131			(1, 0)	(5, 0)	(6, 0)	(7, 0)	(8, 0)				[2, 216]	
         C*17:74         1         822         822       0.998783        350.131			(1, 0)	(5, 0)	(6, 0)	(7, 0)	(8, 0)				[4, 175]	
     C*17:137:02         1         822         828       0.998783        350.131			(1, 0)	(5, 6)	(6, 0)	(7, 0)	(8, 0)				[3, 201]	
        C*17:147         1         822         822       0.998783        350.131			(1, 0)	(5, 0)	(6, 0)	(7, 0)	(8, 0)				[2, 107]	
         C*17:17         1         822         822       0.998783        350.131			(1, 0)	(5, 0)	(6, 0)	(7, 0)	(8, 0)				[3, 169]	
        C*17:159         1         822         822       0.998783        350.131			(1, 0)	(5, 0)	(6, 0)	(7, 0)	(8, 0)				[4, 85]	
        C*17:245         1         822         822       0.998783        350.131			(1, 0)	(5, 0)	(6, 0)	(7, 0)	(8, 0)				[4, 33]	
      C*03:13:17         1         822         822       0.998783        257.203			(1, 0)	(5, 0)	(6, 0)	(7, 0)	(8, 0)				[4, 254]	
         C*03:85         1         822         822       0.998783        257.203			(1, 0)	(5, 0)	(6, 0)	(7, 0)	(8, 0)				[2, 203]	
         C*03:96         1         822         822       0.998783        257.203			(1, 0)	(5, 0)	(6, 0)	(7, 0)	(8, 0)				[3, 252]	
         C*03:97         1         822         822       0.998783        257.203			(1, 0)	(5, 0)	(6, 0)	(7, 0)	(8, 0)				[3, 12]	
        C*17:169         1         822         822       0.998783        350.131			(1, 0)	(5, 0)	(6, 0)	(7, 0)	(8, 0)				[2, 169]	
        C*17:168         1         822         822       0.998783        350.131			(1, 0)	(5, 0)	(6, 0)	(7, 0)	(8, 0)				[3, 120]	
        C*03:103         1         822         822       0.998783        257.203			(1, 0)	(5, 0)	(6, 0)	(7, 0)	(8, 0)				[3, 25]	
        C*17:167         1         822         822       0.998783        350.131			(1, 0)	(5, 0)	(6, 0)	(7, 0)	(8, 0)				[4, 85]	
        C*17:161         1         822         822       0.998783        350.131			(1, 0)	(5, 0)	(6, 0)	(7, 0)	(8, 0)				[2, 103]	
        C*17:160         1         822         822       0.998783        350.131			(1, 0)	(5, 0)	(6, 0)	(7, 0)	(8, 0)				[4, 75]	
        C*03:144         1         822         822       0.998783        257.203			(1, 0)	(5, 0)	(6, 0)	(7, 0)	(8, 0)				[2, 31]	
         C*17:57         1         820        1101        0.99878        223.644			(3, 276)	(8, 5)				[2, 197]	
        C*17:170         1         820        1101        0.99878        223.644			(3, 276)	(8, 5)				[2, 197]	
         C*03:05         1         820        1101        0.99878         169.94			(3, 276)	(8, 5)				[2, 270]	
         C*15:43         1         820        1096        0.99878         169.94			(3, 276)	(8, 0)				[2, 270]	
      C*17:04:03         1         820        1101        0.99878        223.644			(3, 276)	(8, 5)				[2, 140]	
      C*17:04:01         1         820        1101        0.99878        223.644			(3, 276)	(8, 5)				[2, 140]	
        C*17:186         1         786         822       0.998728        195.818			(1, 0)	(5, 0)	(6, 0)	(7, 0)	(8, 0)				[3, 14]	
      C*17:04:04         1         747        1023       0.998661        241.835			(1, 0)	(3, 276)	(8, 0)				[2, 140]	
      C*17:04:06         1         747        1023       0.998661        241.835			(1, 0)	(3, 276)	(8, 0)				[2, 140]	
      C*03:04:04         2        1096        1101       0.998175        208.027			(8, 5)				[2, 191]	[2, 270]	
   C*17:01:01:01         2        1096        1101       0.998175         292.11			(8, 5)				[2, 197]	[3, 25]	
   C*17:01:01:02         2        1096        1101       0.998175         292.11			(8, 5)				[2, 197]	[3, 25]	
        C*03:100         2        1096        1101       0.998175        208.027			(8, 5)				[2, 270]	[4, 127]	
         C*03:13         2        1096        1101       0.998175        208.027			(8, 5)				[3, 10]	[3, 12]	
      C*03:04:02         2        1096        1101       0.998175        208.027			(8, 5)				[2, 270]	[3, 26]	
         C*03:06         2        1096        1101       0.998175        208.027			(8, 5)				[2, 270]	[3, 70]	
      C*03:04:14         2        1096        1101       0.998175        208.027			(8, 5)				[2, 149]	[2, 270]	
         C*17:19         2        1096        1101       0.998175         292.11			(8, 5)				[2, 197]	[6, 28]	
         C*03:44         2        1096        1096       0.998175        208.027			(8, 0)				[2, 270]	[3, 78]	
         C*03:08         2        1015        1015        0.99803          213.9			(6, 0)	(7, 0)	(8, 0)				[2, 197]	[2, 270]	
         C*03:93         2        1015        1015        0.99803          213.9			(6, 0)	(7, 0)	(8, 0)				[2, 270]	[3, 147]	
         C*17:76         2         822         822       0.997567        350.131			(1, 0)	(5, 0)	(6, 0)	(7, 0)	(8, 0)				[2, 229]	[2, 239]	
         C*03:98         2         822         822       0.997567        257.203			(1, 0)	(5, 0)	(6, 0)	(7, 0)	(8, 0)				[2, 270]	[3, 217]	
      C*03:64:01         2         822         822       0.997567        257.203			(1, 0)	(5, 0)	(6, 0)	(7, 0)	(8, 0)				[2, 61]	[2, 270]	
      C*03:43:02         2         822         822       0.997567        257.203			(1, 0)	(5, 0)	(6, 0)	(7, 0)	(8, 0)				[3, 76]	[3, 116]	
        C*03:101         2         822         822       0.997567        257.203			(1, 0)	(5, 0)	(6, 0)	(7, 0)	(8, 0)				[2, 270]	[4, 43]	
         C*03:55         2         822         822       0.997567        257.203			(1, 0)	(5, 0)	(6, 0)	(7, 0)	(8, 0)				[3, 216]	[3, 217]	
        C*03:104         2         822         822       0.997567        257.203			(1, 0)	(5, 0)	(6, 0)	(7, 0)	(8, 0)				[2, 184]	[2, 270]	
        C*03:105         2         822         822       0.997567        257.203			(1, 0)	(5, 0)	(6, 0)	(7, 0)	(8, 0)				[2, 270]	[4, 147]	
        C*03:106         2         822         822       0.997567        257.203			(1, 0)	(5, 0)	(6, 0)	(7, 0)	(8, 0)				[2, 270]	[4, 172]	
        C*03:107         2         822         822       0.997567        257.203			(1, 0)	(5, 0)	(6, 0)	(7, 0)	(8, 0)				[2, 60]	[2, 270]	
        C*03:138         2         822         822       0.997567        257.203			(1, 0)	(5, 0)	(6, 0)	(7, 0)	(8, 0)				[2, 270]	[3, 51]	
         C*03:28         2         822         822       0.997567        257.203			(1, 0)	(5, 0)	(6, 0)	(7, 0)	(8, 0)				[2, 270]	[3, 196]	
         C*03:23         2         822         822       0.997567        257.203			(1, 0)	(5, 0)	(6, 0)	(7, 0)	(8, 0)				[2, 270]	[3, 63]	
      C*03:04:03         2         822         822       0.997567        257.203			(1, 0)	(5, 0)	(6, 0)	(7, 0)	(8, 0)				[2, 270]	[4, 254]	
      C*03:04:20         2         822         822       0.997567        257.203			(1, 0)	(5, 0)	(6, 0)	(7, 0)	(8, 0)				[2, 270]	[4, 134]	
      C*03:04:25         2         822         822       0.997567        257.203			(1, 0)	(5, 0)	(6, 0)	(7, 0)	(8, 0)				[2, 128]	[2, 270]	
      C*03:04:26         2         822         822       0.997567        257.203			(1, 0)	(5, 0)	(6, 0)	(7, 0)	(8, 0)				[2, 32]	[2, 270]	
      C*17:04:02         2         820        1101       0.997561        223.644			(3, 276)	(8, 5)				[2, 140]	[2, 254]	
         C*17:11         2         820        1101       0.997561        223.644			(3, 276)	(8, 5)				[2, 140]	[7, 39]	
         C*17:03         2         747        1029       0.997323        241.835			(1, 1)	(3, 276)	(8, 5)				[2, 48]	[2, 49]	
         C*03:48         2         619         619       0.996769         325.78			(4, 0)	(5, 0)	(6, 0)	(7, 0)	(8, 0)				[2, 169]	[2, 270]	


 ------------ Candidate Allelic Pairs -------------

            Name        HD     Aln_len    cDNA_len     Similarity        Avg_cov               Missing_exons (ID, len); mismatches [ID, pos]

      C*03:13:01         0        1096        1101              1        208.027			(8, 5)	
   C*17:07:01:01         0        1096        1101              1         292.11			(8, 5)	
   C*17:07:01:02         0        1096        1101              1         292.11			(8, 5)	
   C*17:07:01:03         0        1096        1101              1         292.11			(8, 5)	


 ------------ Inferred Allelic Pairs ------------- 

C*03:13:01		C*17:07:01:01		0
C*03:13:01		C*17:07:01:02		0
C*03:13:01		C*17:07:01:03		0
